41
0
2
1.3
12
0.0     1.0
0.05    1.0012710963760239
0.1     1.0051709180756476
0.15    1.0118342427282832
0.2     1.02140275816017
0.25    1.0340254166877414
0.3     1.0498588075760031
0.35    1.0690675485932575
0.4     1.0918246976412704
0.45    1.1183121854901688
0.5     1.1487212707001282
0.55    1.1832530178673952
0.6     1.222118800390509
0.65    1.2655408290138963
0.7     1.3137527074704767
0.75    1.3670000166126743
0.8     1.4255409284924678
0.85    1.4896468519259907
0.9     1.55960311115695
0.95    1.635709659315846
1.0     1.718281828459045
1.05    1.8076511180631643
1.1     1.9041660239464333
1.15    2.0081929096897673
1.2     2.120116922736547
1.25    2.2403429574618414
1.3     2.3692966676192446
1.35    2.507425530696975
1.4     2.6551999668446746
1.45    2.8131145151688166
1.5     2.9816890703380654
1.55    3.161470182590741
1.6     3.353032424395115
1.65    3.5569798271798487
1.7     3.773947391727199
1.75    4.004602676005731
1.8     4.249647464412947
1.85    4.509819522601832
1.9     4.785894442279268
1.95    5.078687580589293
2.0     5.38905609893065
